Time: 0
Waiting cilents: (13,2,1)(19,3,5)(7,3,7)(16,5,6)(42,6,1)(6,4,2)(31,5,7)(33,6,2)(4,12,1)(43,7,1)(46,10,1)(48,12,4)(27,16,2)(14,11,2)(30,6,6)(9,27,5)(35,11,2)(36,24,7)(18,22,3)(1,25,1)(20,8,4)(45,20,1)(10,13,6)(25,16,1)(50,25,6)(26,33,1)(12,29,4)(28,28,3)(29,31,5)(15,10,4)(5,8,4)(8,36,7)(32,34,2)(17,30,4)(34,12,4)(2,34,2)(37,25,3)(38,40,6)(39,36,2)(40,30,3)(41,38,2)(21,22,2)(11,12,6)(22,38,7)(44,27,1)(23,32,7)(47,27,6)(3,40,4)(49,19,4)(24,27,2)
Queue 1:closed
Queue 2:closed
Queue 3:closed
Queue 4:closed
Queue 5:closed

Time: 1
Waiting cilents: (13,2,1)(19,3,5)(7,3,7)(16,5,6)(42,6,1)(6,4,2)(31,5,7)(33,6,2)(4,12,1)(43,7,1)(46,10,1)(48,12,4)(27,16,2)(14,11,2)(30,6,6)(9,27,5)(35,11,2)(36,24,7)(18,22,3)(1,25,1)(20,8,4)(45,20,1)(10,13,6)(25,16,1)(50,25,6)(26,33,1)(12,29,4)(28,28,3)(29,31,5)(15,10,4)(5,8,4)(8,36,7)(32,34,2)(17,30,4)(34,12,4)(2,34,2)(37,25,3)(38,40,6)(39,36,2)(40,30,3)(41,38,2)(21,22,2)(11,12,6)(22,38,7)(44,27,1)(23,32,7)(47,27,6)(3,40,4)(49,19,4)(24,27,2)
Queue 1:closed
Queue 2:closed
Queue 3:closed
Queue 4:closed
Queue 5:closed

Time: 2
Waiting cilents: (19,3,5)(16,5,6)(7,3,7)(33,6,2)(42,6,1)(6,4,2)(31,5,7)(35,11,2)(4,12,1)(43,7,1)(46,10,1)(48,12,4)(27,16,2)(14,11,2)(30,6,6)(9,27,5)(34,12,4)(36,24,7)(18,22,3)(1,25,1)(20,8,4)(45,20,1)(10,13,6)(25,16,1)(50,25,6)(26,33,1)(12,29,4)(28,28,3)(29,31,5)(15,10,4)(5,8,4)(8,36,7)(32,34,2)(17,30,4)(24,27,2)(2,34,2)(37,25,3)(38,40,6)(39,36,2)(40,30,3)(41,38,2)(21,22,2)(11,12,6)(22,38,7)(44,27,1)(23,32,7)(47,27,6)(3,40,4)(49,19,4)
Queue 1:(13,2,1) 
Queue 2:closed
Queue 3:closed
Queue 4:closed
Queue 5:closed

Time: 3
Waiting cilents: (7,3,7)(16,5,6)(6,4,2)(33,6,2)(42,6,1)(48,12,4)(31,5,7)(35,11,2)(4,12,1)(43,7,1)(46,10,1)(25,16,1)(27,16,2)(14,11,2)(30,6,6)(9,27,5)(34,12,4)(36,24,7)(18,22,3)(1,25,1)(20,8,4)(45,20,1)(10,13,6)(49,19,4)(50,25,6)(26,33,1)(12,29,4)(28,28,3)(29,31,5)(15,10,4)(5,8,4)(8,36,7)(32,34,2)(17,30,4)(24,27,2)(2,34,2)(37,25,3)(38,40,6)(39,36,2)(40,30,3)(41,38,2)(21,22,2)(11,12,6)(22,38,7)(44,27,1)(23,32,7)(47,27,6)(3,40,4)
Queue 1:(19,3,5) 
Queue 2:closed
Queue 3:closed
Queue 4:closed
Queue 5:closed

Time: 4
Waiting cilents: (6,4,2)(16,5,6)(31,5,7)(33,6,2)(42,6,1)(48,12,4)(30,6,6)(35,11,2)(4,12,1)(43,7,1)(46,10,1)(25,16,1)(27,16,2)(14,11,2)(5,8,4)(9,27,5)(34,12,4)(36,24,7)(18,22,3)(1,25,1)(20,8,4)(45,20,1)(10,13,6)(49,19,4)(50,25,6)(26,33,1)(12,29,4)(28,28,3)(29,31,5)(15,10,4)(3,40,4)(8,36,7)(32,34,2)(17,30,4)(24,27,2)(2,34,2)(37,25,3)(38,40,6)(39,36,2)(40,30,3)(41,38,2)(21,22,2)(11,12,6)(22,38,7)(44,27,1)(23,32,7)(47,27,6)
Queue 1:(19,3,4) 
Queue 2:(7,3,7) 
Queue 3:closed
Queue 4:closed
Queue 5:closed

Time: 5
Waiting cilents: (33,6,2)(42,6,1)(30,6,6)(35,11,2)(43,7,1)(48,12,4)(5,8,4)(34,12,4)(4,12,1)(20,8,4)(46,10,1)(25,16,1)(27,16,2)(14,11,2)(15,10,4)(9,27,5)(47,27,6)(36,24,7)(18,22,3)(1,25,1)(11,12,6)(45,20,1)(10,13,6)(49,19,4)(50,25,6)(26,33,1)(12,29,4)(28,28,3)(29,31,5)(23,32,7)(3,40,4)(8,36,7)(32,34,2)(17,30,4)(24,27,2)(2,34,2)(37,25,3)(38,40,6)(39,36,2)(40,30,3)(41,38,2)(21,22,2)(44,27,1)(22,38,7)
Queue 1:(19,3,2) 
Queue 2:(7,3,5) 
Queue 3:(6,4,2) 
Queue 4:(16,5,6) 
Queue 5:(31,5,7) 

Time: 6
Waiting cilents: (43,7,1)(20,8,4)(5,8,4)(35,11,2)(46,10,1)(48,12,4)(15,10,4)(34,12,4)(4,12,1)(11,12,6)(10,13,6)(25,16,1)(27,16,2)(14,11,2)(44,27,1)(9,27,5)(47,27,6)(36,24,7)(18,22,3)(1,25,1)(21,22,2)(45,20,1)(22,38,7)(49,19,4)(50,25,6)(26,33,1)(12,29,4)(28,28,3)(29,31,5)(23,32,7)(3,40,4)(8,36,7)(32,34,2)(17,30,4)(24,27,2)(2,34,2)(37,25,3)(38,40,6)(39,36,2)(40,30,3)(41,38,2)
Queue 1:(19,3,1) (30,6,6) 
Queue 2:(7,3,4) 
Queue 3:(6,4,1) (33,6,2) (42,6,1) 
Queue 4:(16,5,5) 
Queue 5:(31,5,6) 

Time: 7
Waiting cilents: (20,8,4)(46,10,1)(5,8,4)(35,11,2)(11,12,6)(48,12,4)(15,10,4)(34,12,4)(4,12,1)(21,22,2)(10,13,6)(25,16,1)(27,16,2)(14,11,2)(44,27,1)(9,27,5)(47,27,6)(36,24,7)(18,22,3)(1,25,1)(41,38,2)(45,20,1)(22,38,7)(49,19,4)(50,25,6)(26,33,1)(12,29,4)(28,28,3)(29,31,5)(23,32,7)(3,40,4)(8,36,7)(32,34,2)(17,30,4)(24,27,2)(2,34,2)(37,25,3)(38,40,6)(39,36,2)(40,30,3)
Queue 1:(30,6,6) 
Queue 2:(7,3,3) 
Queue 3:(33,6,2) (42,6,1) (43,7,1) 
Queue 4:(16,5,4) 
Queue 5:(31,5,5) 

Time: 8
Waiting cilents: (5,8,4)(46,10,1)(15,10,4)(35,11,2)(11,12,6)(48,12,4)(14,11,2)(34,12,4)(4,12,1)(21,22,2)(10,13,6)(25,16,1)(27,16,2)(28,28,3)(44,27,1)(9,27,5)(47,27,6)(36,24,7)(18,22,3)(1,25,1)(41,38,2)(45,20,1)(22,38,7)(49,19,4)(50,25,6)(26,33,1)(12,29,4)(40,30,3)(29,31,5)(23,32,7)(3,40,4)(8,36,7)(32,34,2)(17,30,4)(24,27,2)(2,34,2)(37,25,3)(38,40,6)(39,36,2)
Queue 1:(30,6,5) 
Queue 2:(7,3,2) 
Queue 3:(33,6,1) (42,6,1) (43,7,1) (20,8,4) 
Queue 4:(16,5,3) 
Queue 5:(31,5,4) 

Time: 9
Waiting cilents: (46,10,1)(35,11,2)(15,10,4)(34,12,4)(11,12,6)(48,12,4)(14,11,2)(9,27,5)(4,12,1)(21,22,2)(10,13,6)(25,16,1)(27,16,2)(28,28,3)(44,27,1)(32,34,2)(47,27,6)(36,24,7)(18,22,3)(1,25,1)(41,38,2)(45,20,1)(22,38,7)(49,19,4)(50,25,6)(26,33,1)(12,29,4)(40,30,3)(29,31,5)(23,32,7)(3,40,4)(8,36,7)(39,36,2)(17,30,4)(24,27,2)(2,34,2)(37,25,3)(38,40,6)
Queue 1:(30,6,4) 
Queue 2:(7,3,1) 
Queue 3:(42,6,1) (43,7,1) (20,8,4) 
Queue 4:(16,5,2) (5,8,4) 
Queue 5:(31,5,3) 

Time: 10
Waiting cilents: (15,10,4)(35,11,2)(14,11,2)(34,12,4)(11,12,6)(48,12,4)(44,27,1)(9,27,5)(4,12,1)(21,22,2)(10,13,6)(25,16,1)(27,16,2)(28,28,3)(23,32,7)(32,34,2)(47,27,6)(36,24,7)(18,22,3)(1,25,1)(41,38,2)(45,20,1)(22,38,7)(49,19,4)(50,25,6)(26,33,1)(12,29,4)(40,30,3)(29,31,5)(38,40,6)(3,40,4)(8,36,7)(39,36,2)(17,30,4)(24,27,2)(2,34,2)(37,25,3)
Queue 1:(30,6,3) 
Queue 2:(46,10,1) 
Queue 3:(43,7,1) (20,8,4) 
Queue 4:(16,5,1) (5,8,4) 
Queue 5:(31,5,2) 

Time: 11
Waiting cilents: (34,12,4)(4,12,1)(48,12,4)(18,22,3)(11,12,6)(25,16,1)(44,27,1)(9,27,5)(36,24,7)(21,22,2)(10,13,6)(49,19,4)(27,16,2)(28,28,3)(23,32,7)(32,34,2)(47,27,6)(24,27,2)(37,25,3)(1,25,1)(41,38,2)(45,20,1)(22,38,7)(2,34,2)(50,25,6)(26,33,1)(12,29,4)(40,30,3)(29,31,5)(38,40,6)(3,40,4)(8,36,7)(39,36,2)(17,30,4)
Queue 1:(30,6,2) 
Queue 2:(15,10,4) 
Queue 3:(20,8,4) (35,11,2) 
Queue 4:(5,8,4) 
Queue 5:(31,5,1) (14,11,2) 

Time: 12
Waiting cilents: (11,12,6)(10,13,6)(25,16,1)(18,22,3)(45,20,1)(27,16,2)(44,27,1)(9,27,5)(36,24,7)(21,22,2)(17,30,4)(49,19,4)(12,29,4)(28,28,3)(23,32,7)(32,34,2)(47,27,6)(24,27,2)(37,25,3)(1,25,1)(41,38,2)(39,36,2)(22,38,7)(2,34,2)(50,25,6)(26,33,1)(8,36,7)(40,30,3)(29,31,5)(38,40,6)(3,40,4)
Queue 1:(30,6,1) 
Queue 2:(15,10,3) 
Queue 3:(20,8,3) (35,11,2) (34,12,4) 
Queue 4:(5,8,3) (48,12,4) 
Queue 5:(14,11,2) (4,12,1) 

Time: 13
Waiting cilents: (25,16,1)(45,20,1)(27,16,2)(18,22,3)(21,22,2)(49,19,4)(44,27,1)(9,27,5)(36,24,7)(1,25,1)(17,30,4)(50,25,6)(12,29,4)(28,28,3)(23,32,7)(32,34,2)(47,27,6)(24,27,2)(37,25,3)(3,40,4)(41,38,2)(39,36,2)(22,38,7)(2,34,2)(38,40,6)(26,33,1)(8,36,7)(40,30,3)(29,31,5)
Queue 1:(11,12,6) 
Queue 2:(15,10,2) 
Queue 3:(20,8,2) (35,11,2) (34,12,4) 
Queue 4:(5,8,2) (48,12,4) 
Queue 5:(14,11,1) (4,12,1) (10,13,6) 

Time: 14
Waiting cilents: (25,16,1)(45,20,1)(27,16,2)(18,22,3)(21,22,2)(49,19,4)(44,27,1)(9,27,5)(36,24,7)(1,25,1)(17,30,4)(50,25,6)(12,29,4)(28,28,3)(23,32,7)(32,34,2)(47,27,6)(24,27,2)(37,25,3)(3,40,4)(41,38,2)(39,36,2)(22,38,7)(2,34,2)(38,40,6)(26,33,1)(8,36,7)(40,30,3)(29,31,5)
Queue 1:(11,12,5) 
Queue 2:(15,10,1) 
Queue 3:(35,11,2) (34,12,4) 
Queue 4:(48,12,4) 
Queue 5:(10,13,6) 

Time: 15
Waiting cilents: (25,16,1)(45,20,1)(27,16,2)(18,22,3)(21,22,2)(49,19,4)(44,27,1)(9,27,5)(36,24,7)(1,25,1)(17,30,4)(50,25,6)(12,29,4)(28,28,3)(23,32,7)(32,34,2)(47,27,6)(24,27,2)(37,25,3)(3,40,4)(41,38,2)(39,36,2)(22,38,7)(2,34,2)(38,40,6)(26,33,1)(8,36,7)(40,30,3)(29,31,5)
Queue 1:(11,12,4) 
Queue 2:closed
Queue 3:(35,11,1) (34,12,4) 
Queue 4:(48,12,3) 
Queue 5:(10,13,5) 

Time: 16
Waiting cilents: (27,16,2)(45,20,1)(49,19,4)(18,22,3)(21,22,2)(50,25,6)(44,27,1)(9,27,5)(36,24,7)(1,25,1)(17,30,4)(29,31,5)(12,29,4)(28,28,3)(23,32,7)(32,34,2)(47,27,6)(24,27,2)(37,25,3)(3,40,4)(41,38,2)(39,36,2)(22,38,7)(2,34,2)(38,40,6)(26,33,1)(8,36,7)(40,30,3)
Queue 1:(11,12,3) 
Queue 2:(25,16,1) 
Queue 3:(34,12,4) 
Queue 4:(48,12,2) 
Queue 5:(10,13,4) 

Time: 17
Waiting cilents: (49,19,4)(45,20,1)(50,25,6)(18,22,3)(21,22,2)(12,29,4)(44,27,1)(9,27,5)(36,24,7)(1,25,1)(17,30,4)(29,31,5)(40,30,3)(28,28,3)(23,32,7)(32,34,2)(47,27,6)(24,27,2)(37,25,3)(3,40,4)(41,38,2)(39,36,2)(22,38,7)(2,34,2)(38,40,6)(26,33,1)(8,36,7)
Queue 1:(11,12,2) 
Queue 2:(27,16,2) 
Queue 3:(34,12,3) 
Queue 4:(48,12,1) 
Queue 5:(10,13,3) 

Time: 18
Waiting cilents: (49,19,4)(45,20,1)(50,25,6)(18,22,3)(21,22,2)(12,29,4)(44,27,1)(9,27,5)(36,24,7)(1,25,1)(17,30,4)(29,31,5)(40,30,3)(28,28,3)(23,32,7)(32,34,2)(47,27,6)(24,27,2)(37,25,3)(3,40,4)(41,38,2)(39,36,2)(22,38,7)(2,34,2)(38,40,6)(26,33,1)(8,36,7)
Queue 1:(11,12,1) 
Queue 2:closed
Queue 3:(34,12,2) 
Queue 4:closed
Queue 5:(10,13,2) 

Time: 19
Waiting cilents: (45,20,1)(18,22,3)(50,25,6)(36,24,7)(21,22,2)(12,29,4)(44,27,1)(9,27,5)(37,25,3)(1,25,1)(17,30,4)(29,31,5)(40,30,3)(28,28,3)(23,32,7)(32,34,2)(47,27,6)(24,27,2)(8,36,7)(3,40,4)(41,38,2)(39,36,2)(22,38,7)(2,34,2)(38,40,6)(26,33,1)
Queue 1:closed
Queue 2:(49,19,4) 
Queue 3:(34,12,1) 
Queue 4:closed
Queue 5:(10,13,1) 

Time: 20
Waiting cilents: (18,22,3)(21,22,2)(50,25,6)(36,24,7)(1,25,1)(12,29,4)(44,27,1)(9,27,5)(37,25,3)(26,33,1)(17,30,4)(29,31,5)(40,30,3)(28,28,3)(23,32,7)(32,34,2)(47,27,6)(24,27,2)(8,36,7)(3,40,4)(41,38,2)(39,36,2)(22,38,7)(2,34,2)(38,40,6)
Queue 1:closed
Queue 2:(49,19,2) 
Queue 3:(45,20,1) 
Queue 4:closed
Queue 5:closed

Time: 21
Waiting cilents: (18,22,3)(21,22,2)(50,25,6)(36,24,7)(1,25,1)(12,29,4)(44,27,1)(9,27,5)(37,25,3)(26,33,1)(17,30,4)(29,31,5)(40,30,3)(28,28,3)(23,32,7)(32,34,2)(47,27,6)(24,27,2)(8,36,7)(3,40,4)(41,38,2)(39,36,2)(22,38,7)(2,34,2)(38,40,6)
Queue 1:closed
Queue 2:(49,19,1) 
Queue 3:closed
Queue 4:closed
Queue 5:closed

Time: 22
Waiting cilents: (36,24,7)(37,25,3)(50,25,6)(9,27,5)(1,25,1)(12,29,4)(44,27,1)(47,27,6)(24,27,2)(26,33,1)(17,30,4)(29,31,5)(40,30,3)(28,28,3)(23,32,7)(32,34,2)(2,34,2)(38,40,6)(8,36,7)(3,40,4)(41,38,2)(39,36,2)(22,38,7)
Queue 1:closed
Queue 2:closed
Queue 3:(18,22,3) 
Queue 4:(21,22,2) 
Queue 5:closed

Time: 23
Waiting cilents: (36,24,7)(37,25,3)(50,25,6)(9,27,5)(1,25,1)(12,29,4)(44,27,1)(47,27,6)(24,27,2)(26,33,1)(17,30,4)(29,31,5)(40,30,3)(28,28,3)(23,32,7)(32,34,2)(2,34,2)(38,40,6)(8,36,7)(3,40,4)(41,38,2)(39,36,2)(22,38,7)
Queue 1:closed
Queue 2:closed
Queue 3:(18,22,1) 
Queue 4:closed
Queue 5:closed

Time: 24
Waiting cilents: (37,25,3)(1,25,1)(50,25,6)(9,27,5)(17,30,4)(12,29,4)(44,27,1)(47,27,6)(24,27,2)(26,33,1)(39,36,2)(29,31,5)(40,30,3)(28,28,3)(23,32,7)(32,34,2)(2,34,2)(38,40,6)(8,36,7)(3,40,4)(41,38,2)(22,38,7)
Queue 1:closed
Queue 2:closed
Queue 3:closed
Queue 4:closed
Queue 5:closed

Time: 25
Waiting cilents: (9,27,5)(47,27,6)(44,27,1)(24,27,2)(17,30,4)(12,29,4)(28,28,3)(32,34,2)(8,36,7)(26,33,1)(39,36,2)(29,31,5)(40,30,3)(41,38,2)(23,32,7)(22,38,7)(2,34,2)(38,40,6)(3,40,4)
Queue 1:closed
Queue 2:(50,25,6) 
Queue 3:closed
Queue 4:(37,25,3) 
Queue 5:(1,25,1) 

Time: 26
Waiting cilents: (9,27,5)(47,27,6)(44,27,1)(24,27,2)(17,30,4)(12,29,4)(28,28,3)(32,34,2)(8,36,7)(26,33,1)(39,36,2)(29,31,5)(40,30,3)(41,38,2)(23,32,7)(22,38,7)(2,34,2)(38,40,6)(3,40,4)
Queue 1:closed
Queue 2:(50,25,4) 
Queue 3:closed
Queue 4:(37,25,1) 
Queue 5:closed

Time: 27
Waiting cilents: (28,28,3)(17,30,4)(12,29,4)(32,34,2)(26,33,1)(40,30,3)(23,32,7)(2,34,2)(8,36,7)(38,40,6)(39,36,2)(29,31,5)(22,38,7)(41,38,2)(3,40,4)
Queue 1:(47,27,6) 
Queue 2:(50,25,3) 
Queue 3:closed
Queue 4:(44,27,1) (24,27,2) 
Queue 5:(9,27,5) 

Time: 28
Waiting cilents: (12,29,4)(17,30,4)(40,30,3)(32,34,2)(26,33,1)(29,31,5)(23,32,7)(2,34,2)(8,36,7)(38,40,6)(39,36,2)(3,40,4)(22,38,7)(41,38,2)
Queue 1:(47,27,4) 
Queue 2:(50,25,2) 
Queue 3:closed
Queue 4:(24,27,2) (28,28,3) 
Queue 5:(9,27,3) 

Time: 29
Waiting cilents: (17,30,4)(26,33,1)(40,30,3)(32,34,2)(39,36,2)(29,31,5)(23,32,7)(2,34,2)(8,36,7)(38,40,6)(41,38,2)(3,40,4)(22,38,7)
Queue 1:(47,27,3) 
Queue 2:(50,25,1) 
Queue 3:closed
Queue 4:(24,27,1) (28,28,3) 
Queue 5:(9,27,2) (12,29,4) 

Time: 30
Waiting cilents: (40,30,3)(26,33,1)(29,31,5)(32,34,2)(39,36,2)(22,38,7)(23,32,7)(2,34,2)(8,36,7)(38,40,6)(41,38,2)(3,40,4)
Queue 1:(47,27,2) 
Queue 2:(17,30,4) 
Queue 3:closed
Queue 4:(28,28,3) 
Queue 5:(9,27,1) (12,29,4) 

Time: 31
Waiting cilents: (29,31,5)(26,33,1)(23,32,7)(32,34,2)(39,36,2)(22,38,7)(3,40,4)(2,34,2)(8,36,7)(38,40,6)(41,38,2)
Queue 1:(47,27,1) 
Queue 2:(17,30,3) 
Queue 3:(40,30,3) 
Queue 4:(28,28,2) 
Queue 5:(12,29,4) 

Time: 32
Waiting cilents: (23,32,7)(26,33,1)(41,38,2)(32,34,2)(39,36,2)(22,38,7)(3,40,4)(2,34,2)(8,36,7)(38,40,6)
Queue 1:closed
Queue 2:(17,30,2) 
Queue 3:(40,30,2) 
Queue 4:(28,28,1) (29,31,5) 
Queue 5:(12,29,3) 

Time: 33
Waiting cilents: (32,34,2)(2,34,2)(41,38,2)(8,36,7)(39,36,2)(22,38,7)(3,40,4)(38,40,6)
Queue 1:(23,32,7) 
Queue 2:(17,30,1) 
Queue 3:(40,30,1) (26,33,1) 
Queue 4:(29,31,5) 
Queue 5:(12,29,2) 

Time: 34
Waiting cilents: (8,36,7)(39,36,2)(41,38,2)(38,40,6)(3,40,4)(22,38,7)
Queue 1:(23,32,5) 
Queue 2:closed
Queue 3:(26,33,1) (32,34,2) 
Queue 4:(29,31,4) 
Queue 5:(12,29,1) (2,34,2) 

Time: 35
Waiting cilents: (8,36,7)(39,36,2)(41,38,2)(38,40,6)(3,40,4)(22,38,7)
Queue 1:(23,32,4) 
Queue 2:closed
Queue 3:(32,34,2) 
Queue 4:(29,31,3) 
Queue 5:(2,34,2) 

Time: 36
Waiting cilents: (22,38,7)(3,40,4)(41,38,2)(38,40,6)
Queue 1:(23,32,3) 
Queue 2:(8,36,7) 
Queue 3:(32,34,1) (39,36,2) 
Queue 4:(29,31,2) 
Queue 5:(2,34,1) 

Time: 37
Waiting cilents: (22,38,7)(3,40,4)(41,38,2)(38,40,6)
Queue 1:(23,32,2) 
Queue 2:(8,36,5) 
Queue 3:(39,36,2) 
Queue 4:(29,31,1) 
Queue 5:closed

Time: 38
Waiting cilents: (41,38,2)(3,40,4)(38,40,6)
Queue 1:(23,32,1) 
Queue 2:(8,36,4) 
Queue 3:(39,36,1) 
Queue 4:closed
Queue 5:(22,38,7) 

Time: 39
Waiting cilents: (38,40,6)(3,40,4)
Queue 1:closed
Queue 2:(8,36,3) 
Queue 3:(41,38,2) 
Queue 4:closed
Queue 5:(22,38,6) 

Time: 40
Queue 1:closed
Queue 2:(8,36,2) 
Queue 3:(41,38,1) (3,40,4) 
Queue 4:(38,40,6) 
Queue 5:(22,38,5) 

Time: 41
Queue 1:closed
Queue 2:(8,36,1) 
Queue 3:(3,40,4) 
Queue 4:(38,40,5) 
Queue 5:(22,38,4) 

Time: 42
Queue 1:closed
Queue 2:closed
Queue 3:(3,40,3) 
Queue 4:(38,40,4) 
Queue 5:(22,38,3) 

Time: 43
Queue 1:closed
Queue 2:closed
Queue 3:(3,40,2) 
Queue 4:(38,40,3) 
Queue 5:(22,38,2) 

Time: 44
Queue 1:closed
Queue 2:closed
Queue 3:(3,40,1) 
Queue 4:(38,40,2) 
Queue 5:(22,38,1) 

Time: 45
Queue 1:closed
Queue 2:closed
Queue 3:closed
Queue 4:(38,40,1) 
Queue 5:closed

Time: 46
Queue 1:closed
Queue 2:closed
Queue 3:closed
Queue 4:closed
Queue 5:closed

Time: 47
Queue 1:closed
Queue 2:closed
Queue 3:closed
Queue 4:closed
Queue 5:closed

Time: 48
Queue 1:closed
Queue 2:closed
Queue 3:closed
Queue 4:closed
Queue 5:closed

Time: 49
Queue 1:closed
Queue 2:closed
Queue 3:closed
Queue 4:closed
Queue 5:closed

Time: 50
Queue 1:closed
Queue 2:closed
Queue 3:closed
Queue 4:closed
Queue 5:closed

Time: 51
Queue 1:closed
Queue 2:closed
Queue 3:closed
Queue 4:closed
Queue 5:closed

Time: 52
Queue 1:closed
Queue 2:closed
Queue 3:closed
Queue 4:closed
Queue 5:closed

Time: 53
Queue 1:closed
Queue 2:closed
Queue 3:closed
Queue 4:closed
Queue 5:closed

Time: 54
Queue 1:closed
Queue 2:closed
Queue 3:closed
Queue 4:closed
Queue 5:closed

Time: 55
Queue 1:closed
Queue 2:closed
Queue 3:closed
Queue 4:closed
Queue 5:closed

Time: 56
Queue 1:closed
Queue 2:closed
Queue 3:closed
Queue 4:closed
Queue 5:closed

Time: 57
Queue 1:closed
Queue 2:closed
Queue 3:closed
Queue 4:closed
Queue 5:closed

Time: 58
Queue 1:closed
Queue 2:closed
Queue 3:closed
Queue 4:closed
Queue 5:closed

Time: 59
Queue 1:closed
Queue 2:closed
Queue 3:closed
Queue 4:closed
Queue 5:closed

Time: 60
Queue 1:closed
Queue 2:closed
Queue 3:closed
Queue 4:closed
Queue 5:closed

Simulation ended.
Avg waiting time: 14.612244897959183